U51: 0.5157089233398438
U52: 0.427276611328125
U53: 0.7681961059570312
Values for n = 10
115.22660737811978, 46.16314832144363, 85.35894447080071, 102.68246155670002, 70.66723885875572, 82.45317354216573, 65.82802238321267, 68.3526969613495, 91.91727792036686, 48.61248771675018, 108.40558588764812, 56.864165606716895, 83.58893118430521, 47.90971518544704, 83.11243101460953, 30.27531304048556, 76.41194109375274, 78.56444125528495, 63.82444253788401, 106.5939813001763, 88.76395098108775, 73.12930686029699, 90.2809136053142, 79.69605700324803, 45.62136322025603, 104.30130280549277, 94.50026628711628, 82.90860582756643, 65.53214704057969, 66.33954832771202, 83.81724083699638, 85.42412449009636, 55.005274646010456, 82.57742885251871, 109.1795391632156, 63.74436267212295, 51.6896928039741, 61.16266777763053, 80.46065071097976, 94.90692074082146, 52.24325271725105, 57.33912302492202, 94.77891443377844, 61.18994560736726, 90.5129298977802, 66.54271899571671, 74.57999838166741, 74.03210824723435, 68.75195498628801, 86.89408146360358, 63.28709719438244, 65.75610973526827, 56.70430566121104, 50.589776286133784, 94.84215999427553, 98.23744150550215, 91.79920989280532, 58.86519593775064, 84.16045125723505, 90.57771932459666, 90.1586214340303, 46.52128067756151, 58.02491035162895, 88.08651914006752, 92.340546080373, 80.63236257889244, 71.38125832025403, 80.83660591937381, 117.52636035887713, 89.6725449611492, 85.33594696192856, 85.8428485841397, 81.68463461634113, 70.83048425618912, 78.37855396039329, 88.77303734128473, 83.9386026316308, 95.94058955533997, 104.64984540319952, 74.45187258789092, 65.4354036914233, 82.52121356268803, 46.48041913626666, 57.005384186481436, 84.83300638868413, 52.4010026302244, 32.629969623024486, 24.032088597369288, 69.25407284938949, 104.30945878904029, 48.89925277078098, 55.299587028140216, 93.0069602884366, 72.82528822825252, 99.01316696204591, 69.68980442825178, 97.98146880147313, 106.87490307283929, 64.63253258601233, 67.49159565672379, 65.56488542868723, 57.837169787631964, 54.36162771621268, 72.76297944445271, 75.72677365676351, 77.5486757035972, 95.43347871265576, 66.151145760483, 66.98325143465199, 84.47982363781533, 


AVG for n = 10: 75.72738802449842
Values for n = 30
77.41306838708063, 80.73610535616123, 78.72210910923627, 67.68453538102408, 75.83534856277505, 76.27371818333867, 86.3874999625597, 69.13466174705431, 70.24703131505065, 83.32035175776787, 72.71540200075987, 83.1081569735505, 76.95842692615687, 82.08984119163263, 84.06253483860625, 77.77612876653062, 61.34330082122419, 73.52822066717837, 78.3326548794802, 78.33676792036955, 76.17086729378126, 71.49137543145432, 82.9536357207554, 82.74072487359875, 73.81342743654218, 87.63343161870179, 72.66908799008405, 81.36095222659428, 90.20760915472741, 76.16127644856573, 84.68794366331312, 68.39109222455386, 80.92707020738493, 75.35771581406107, 74.4684078317544, 83.77627864638332, 74.25696507555273, 80.46927417283355, 66.83200103819668, 69.94883926490095, 73.86946078233518, 82.09701286922235, 78.12103596573796, 77.42350122129852, 80.68877876152091, 80.92760383261245, 85.95715068759107, 65.97435709870089, 80.92697661759712, 73.72549551991783, 76.08461990735383, 70.65407023915772, 86.30182216755617, 75.84944662051065, 72.52770935893346, 91.19710521868204, 78.66127386486748, 68.43562208675137, 81.4642352236216, 87.0416243637412, 79.42945996567038, 95.11458522664438, 60.97109539435844, 77.52489106142701, 69.22492285226032, 81.61335343192131, 75.02383319603494, 74.54943639789275, 73.37808914952895, 76.51062570859192, 75.71049726201561, 85.16903430692491, 79.30222246161082, 65.00538534567823, 72.87826419283246, 84.15598777300583, 91.36526557719849, 86.99600705509293, 68.63264575426814, 87.2052231946063, 83.09595134715347, 74.04648154029256, 69.98549621006133, 67.95534082300539, 63.95836477857356, 72.92183096894954, 87.02426752500637, 80.98675271193513, 87.03071982917359, 74.59395315405207, 69.58102586751264, 76.15610069754163, 68.60999555604336, 87.43827826659422, 82.64850490702011, 80.53394777919563, 72.5730332920159, 79.01687756331859, 68.9525559073947, 81.55041407557376, 86.27270695236626, 91.63927627788135, 76.09953562078384, 70.73331600246503, 85.07436234960345, 73.5742848056406, 85.81379993182398, 76.41290207381047, 90.30212809127106, 74.59019555552943, 


AVG for n = 30: 77.77441790052855
Values for n = 50
81.54245063434932, 89.45340580022878, 72.8622294889787, 76.13497082379772, 87.316983690631, 85.68297099544056, 90.39775625150094, 81.30807978035556, 75.64057072913776, 86.12365730449325, 84.28179219040912, 72.82582601768944, 81.63159363113544, 79.45676782379132, 90.83976727992959, 76.65305024552883, 69.23325172069201, 73.89426699800751, 89.50073702477772, 71.7527022933485, 78.25668030655618, 70.4798130124971, 84.28871871853053, 74.29678009570665, 73.08279397731951, 82.16888328916633, 79.76931575434213, 83.63525155692521, 81.13652103763575, 80.91624666823552, 85.00330292765972, 76.25040358595925, 68.25811007928964, 77.36272116198394, 81.50814442769529, 78.26710147166186, 81.17867166279562, 84.21070375163985, 74.34018528707398, 73.32000703543258, 76.30992666238099, 92.75392451959418, 68.16776868083637, 84.94522003184315, 72.21754899659682, 71.45537181396689, 77.45631603347185, 74.13704541294918, 77.46255558579999, 76.62553967323102, 76.56826632544498, 84.34526858754596, 77.55604400160604, 77.6063822959862, 77.35194937433987, 70.1061957678126, 78.78302332716973, 77.14154618093748, 78.0023577111768, 77.78872005015077, 72.68290937055276, 71.04301049534351, 72.72702417277634, 82.11034717395798, 69.32038422461295, 78.1915495246187, 81.46047450668149, 69.96298910450207, 75.43374372850893, 77.95259006580608, 65.26691243930779, 68.73568603626569, 85.50128910919447, 72.58701476279366, 67.50967211945796, 76.67506604940843, 77.18407202615634, 79.40923118949327, 77.61025218444131, 76.98403110329629, 76.7925906225619, 72.13566416288872, 77.87334023853734, 76.8872668707522, 70.6131958510773, 76.72405267810379, 76.98107624855253, 80.8397626816463, 86.69944728952036, 77.63897103811254, 77.1095377705052, 76.54390283381507, 77.3616509506951, 83.5086474028598, 73.92731840835326, 70.13492053185891, 69.4706703041347, 82.27660446346152, 67.83705764168666, 78.68336110972412, 78.91393843217877, 76.23568142538883, 64.28789862325881, 76.47694949260162, 72.63122683906151, 73.950237545745, 82.21188800177528, 66.5484127560078, 82.35153726920464, 93.43413140035136, 


AVG for n = 50: 77.51339407124334
Values for n = 100
73.42527570502352, 76.09385743177278, 79.1856685267029, 74.07572503897272, 75.9664526730881, 75.066592431781, 82.55966769991191, 70.23898744036191, 80.742877879748, 71.2872094966986, 73.8628605892851, 71.5111884787398, 78.27151109862675, 76.44538150223305, 71.1052319233949, 65.75658507795225, 78.38712846081117, 74.74405045014407, 76.11904267830529, 67.66163167194433, 74.69079877051131, 70.66475826572861, 74.16572450796254, 72.67829937656153, 71.22141017039031, 78.79978531116778, 81.25300194863951, 69.3997279943541, 66.10996118067028, 78.13429074235754, 81.18958698255611, 67.87675263293903, 70.71605850425058, 64.83628751619827, 78.38999552642, 73.37427069352847, 68.0382150984257, 66.59522600381736, 66.96696194191838, 71.12859397591804, 68.93091091255417, 74.32969549664904, 75.64694448171002, 76.63678638506241, 70.60131201166047, 70.59410596800696, 77.37432969605265, 69.95226366177504, 70.3556397496449, 77.60504446714141, 70.97781619155562, 76.75683090192464, 72.3884655325044, 72.79675260201496, 77.8488577987042, 72.63743743381288, 71.38315340817942, 74.50688442160528, 72.8308273442331, 73.35701189733624, 71.54877030564501, 72.49937303984892, 75.78339865309826, 75.60997254449295, 64.70140298893146, 69.15236478495686, 75.69070770452447, 70.5818335163633, 70.25687095038533, 74.61201437813203, 75.12772027591447, 76.00139807032049, 71.96616306085825, 68.45236498386403, 75.75390725179346, 79.90248551992404, 69.69453543586266, 73.46678300364312, 73.35512748669598, 74.47879698078033, 75.35223131221015, 73.895815713253, 73.0558962255639, 78.47276763640602, 74.85466559810843, 69.33312260424708, 67.88192505649279, 72.79036005157712, 70.98789752147331, 73.98456853403538, 69.73906707081368, 76.5890741285117, 70.931920816498, 67.65951913832225, 72.14325705556388, 66.55034685247311, 66.1354669015953, 73.7056520362074, 70.82516733932783, 71.21507194986825, 72.5951464189747, 78.39775456412497, 77.50276344972909, 73.69386054658648, 78.01784191219005, 71.87642663016264, 79.57736606981852, 74.26240461039646, 69.25630356110867, 78.94428573352951, 


AVG for n = 100: 73.2282876521559
Values for n = 150
74.2348301855231, 72.13303174222388, 74.61445249831596, 74.14046993668296, 67.84676396722612, 71.88259285536284, 72.54733962744272, 71.66899024876903, 71.04460327815828, 67.31837203557465, 70.50654195328973, 73.07941665407978, 73.16721039046573, 72.76087032623526, 75.9060374924141, 70.6751719490211, 68.03901790668421, 68.6764076079895, 77.94884211261225, 75.4071966843917, 75.71981610777338, 72.9651266938309, 71.83256707608801, 68.70576144485453, 75.78085547211919, 77.66631063480257, 70.6577720340836, 75.17349885856845, 72.19078142418078, 80.03530693896832, 71.49254775959297, 69.33397951711436, 65.54590585756868, 76.04426984581652, 68.48153403567503, 71.5761869603118, 79.76357653277756, 70.94211193729669, 71.34335262001497, 72.37898784884017, 75.25333426217927, 73.5205315381386, 70.78179205541961, 72.62625986912563, 71.64074699316838, 68.5679149593866, 74.49466051376358, 70.41856355758073, 79.49594443484564, 72.13552850273966, 69.96314610763656, 73.99351322743715, 78.41407437049884, 69.00596459139238, 75.11469112153021, 72.61811991749278, 74.97851350365207, 70.21522492339719, 74.09180551183783, 75.80664817655861, 64.75645233637123, 71.2147569582209, 74.67119681553946, 77.31108970302478, 66.47882432901314, 74.95047524198817, 66.57500895878667, 76.23351833654485, 73.81393641928976, 71.94856609498125, 73.1976724947593, 68.15136884999977, 72.65296434103865, 75.82201983251953, 72.08239476153625, 75.65624812337553, 70.81950091741781, 68.27192182119724, 77.41637909452363, 68.23002113901123, 69.78178634783308, 69.2449451096142, 71.16020220990146, 78.28985965270019, 71.76240490578084, 77.46321171488513, 74.37690287545188, 75.61966656688743, 68.8850514211879, 75.66708781737402, 75.14291736811204, 74.21148040321292, 68.2973595151584, 72.03764509555363, 76.11042521846677, 74.58545134956351, 70.41203304979702, 73.8349304880731, 66.89340665583074, 70.88489389204923, 72.54266608214564, 68.0886977133659, 76.01333738203695, 72.52326377045075, 70.45470025048814, 68.67672634854175, 77.37954844406158, 64.92158361277038, 64.97449184129523, 74.06654190840827, 


AVG for n = 150: 72.44475384336963
Values for n = 250
71.14411544254526, 75.98337158728324, 75.49233803702332, 73.19059374347218, 65.32497050558099, 68.07157472217196, 71.05193484212795, 71.73540932655914, 69.85903826594298, 71.84864686842475, 72.96545502256751, 74.61582828269833, 71.21413062576055, 70.07870605909775, 70.99237417475938, 72.03462443938754, 73.89400620643887, 72.76292288914429, 74.61537402569964, 70.67402612671667, 74.17036457088304, 73.30548957200546, 72.10605802585933, 70.19864356227347, 72.4726520502506, 73.24153876769455, 72.11006997315471, 71.76718811597296, 68.1554129378343, 70.23268593187872, 72.08434262957371, 73.90298245792178, 69.27630056495786, 70.03191546979978, 72.52999270955998, 71.48525360604371, 76.38578766632506, 74.89465568036711, 72.22329296648682, 69.36972574187618, 71.24702303192359, 73.30057811345199, 75.97373796963886, 76.94653367443861, 70.5288389520106, 71.07859447684834, 69.96369909030432, 73.29383527453938, 70.2400836603047, 70.51875609227261, 70.43929845971456, 70.46329558268948, 75.28859577232203, 76.49138645372332, 74.87967068592185, 69.57434106654911, 75.11519307536206, 71.53555063166526, 72.64813518684382, 76.71777993574155, 73.87924772023626, 73.14303823228474, 70.31016080787285, 71.32720452868664, 77.49610093655816, 67.69719326758515, 70.76515383949345, 72.74986575008339, 73.02183538293392, 72.35063711249522, 74.70810027151995, 72.05278885753894, 73.89946753672105, 70.2631453646744, 66.86006263953158, 71.58908927909994, 74.10774632926889, 70.65364742630284, 73.68672020955218, 72.20885965587631, 72.03873148137606, 78.51083245357007, 67.51259736522155, 70.60127257387612, 73.64578190929623, 70.17418545118163, 73.0711781580047, 72.6777042494085, 72.28055726130235, 74.60000671609055, 75.18337308929941, 73.53300401900918, 75.40645246529833, 80.25734233784944, 72.03244167962512, 69.54393643952459, 70.83572635258491, 73.36959150424813, 70.34146048803595, 75.81016473622752, 75.11199630462848, 67.71622133318792, 66.96647022404468, 72.94290434621348, 70.20948440886154, 70.30401635314817, 68.1643904876374, 70.41525031922085, 70.99049843073327, 70.1231665230222, 


AVG for n = 250: 72.18981387264031
Values for n = 500
69.75123142157067, 73.90157236385005, 71.49487696840555, 71.48554455215258, 72.20208954287729, 68.46706082331546, 67.40702804666537, 71.05684142209344, 71.7802103863647, 70.71673447410821, 71.16980171689264, 73.50404340887087, 70.85716855442959, 71.71941318686694, 73.6042277919767, 68.65051352166755, 70.45515607363346, 71.62825590241123, 69.61152787739492, 73.44860300005881, 70.6106737535147, 68.02890655700772, 74.23240038229568, 74.27272237457767, 68.98560397838806, 70.18737365850838, 69.49944986645998, 70.41549332921328, 73.25790556351856, 68.79103057531495, 73.14401585327788, 73.42678108593663, 73.22017920058423, 71.45927178614929, 72.83239709123899, 68.44457222178191, 68.05970490383943, 69.61697188954612, 70.27297752210735, 73.57160909779361, 71.56994750821053, 71.80030469735833, 71.52634207946846, 70.47445840657701, 71.33264065140347, 72.50060665473089, 71.99917195284979, 71.00975613568936, 73.25040066236194, 70.57338777997573, 70.16931133328929, 70.4595483875985, 70.18338803290271, 71.46157341179543, 70.24050874210351, 70.14573550651394, 73.04949360340223, 74.17077776940718, 70.44334317449967, 69.86289525474369, 69.89980828088886, 69.92043180750528, 71.05378792049343, 69.7753771795954, 72.190037966301, 73.75786410018225, 69.93700587216142, 69.89418479352337, 71.88740917182704, 71.82417958561285, 69.7488162592203, 70.19009921627783, 72.83169413655463, 69.78485562538789, 70.35989670424347, 72.04088227973729, 73.61880482357422, 68.81633543838996, 72.48265784233998, 65.86822753926042, 69.56857874014388, 69.55048125610101, 74.64271722802413, 73.8906707507911, 72.62212522965326, 73.98965695446554, 74.88015575313868, 68.59727438477907, 72.06866313427778, 72.29927176701321, 71.17006841763563, 69.18549119775831, 72.27938042827326, 71.5324814791995, 72.78570818385359, 73.2168882682135, 70.70121501985093, 72.33839345294851, 70.28216019177239, 71.73245095994827, 71.91555141273143, 70.03297467570056, 71.44879952862526, 71.34742868131019, 71.79474341646986, 70.51596858536068, 70.81882209959886, 68.84581783231444, 72.1984688438679, 69.98292771688536, 


AVG for n = 500: 71.21439296004837
Values for n = 1000
69.45327159801472, 70.49797287988771, 70.60309213244155, 71.7409918413428, 68.89143224322862, 71.9231786411407, 70.62010629465256, 71.52110519035652, 71.70686427348811, 69.67904050432443, 68.70723502341085, 71.35932825225193, 71.01868312681997, 71.63605844942694, 71.57215695047158, 72.3987315202557, 70.0614427775187, 71.0792393072409, 72.16070474491241, 69.92171628334192, 69.58137536661279, 69.95747312670098, 72.19972820337652, 71.2983755675222, 73.59275112307063, 70.42619121768077, 68.14300699062905, 70.92448299245379, 70.05913217561557, 70.0191492241447, 71.63917052037216, 68.88657957894819, 69.74300764020745, 71.1903991332911, 71.2881345045123, 70.47076417042506, 71.75048221515237, 71.05145383117329, 72.08491380629603, 69.6934481051611, 69.23444736482485, 70.18150049511569, 71.41663720380745, 69.59759111601007, 69.52475429767344, 68.42416139830792, 69.26292912881935, 70.66983899512262, 69.70031026513537, 71.39376242235564, 70.72870697438107, 69.9361028135714, 70.9112600203338, 70.1628902744388, 70.7026182008612, 71.48049103412968, 71.95692556468363, 69.77972595683168, 68.98364679441572, 71.85027192346601, 69.87695951099016, 70.532951629166, 71.89374644259995, 70.81810468130912, 70.12312004700321, 71.71141254083365, 69.82417185590468, 70.44495503094669, 71.58041987147429, 69.43241356645326, 69.72750880815806, 69.55391766219341, 69.71853816247209, 71.8967250018091, 70.53878521352893, 70.68762297504327, 69.73316652207146, 71.88122806404913, 70.1440446325329, 69.48021980832783, 69.53046641342006, 70.34394332809273, 70.72714217245193, 70.01796966268661, 72.49122107691119, 66.39580323892855, 71.39106279629448, 70.2799624793498, 70.78012176994437, 71.26202347423997, 69.59684159139933, 70.4841499928635, 71.70058712608694, 69.24224157652105, 70.67996841647252, 70.44895775370946, 69.97937423024712, 71.35438054234531, 70.11594114724855, 70.67476290379412, 71.90808210724472, 72.93708133163341, 71.36194273092313, 71.11455607812553, 71.55309209729616, 69.73379035285639, 71.12188417708215, 71.2452119191336, 69.46055655132504, 70.10054369471766, 


AVG for n = 1000: 70.58258744120339
